220.846
310.131
0.189
327.416
385.977
20.524
300.962
14.616
109.895
27.727
67.185
56.121
200.272
220.649
309.679
0.180
327.418
386.894
20.512
300.950
14.618
109.856
27.731
67.204
56.123
200.170
220.659
310.495
0.189
327.413
385.590
20.500
300.911
15.005
109.844
27.730
67.179
56.142
204.210
220.619
310.698
0.186
327.390
388.086
20.508
300.940
14.593
109.808
27.727
67.200
56.112
200.129
220.626
311.123
0.186
327.450
387.790
20.519
300.958
14.613
109.837
27.748
67.191
56.173
200.156
220.639
310.268
0.190
327.409
387.045
22.426
300.938
14.611
109.825
27.717
67.183
56.120
200.157
220.638
310.589
0.201
327.411
387.577
20.498
300.943
14.612
109.896
27.703
67.200
56.118
200.183
