15.866
44.353
0.125
36.744
18.690
2.390
31.335
6.741
13.478
5.938
5.914
2.315
3.416
15.872
44.315
0.114
36.721
18.683
2.404
31.345
6.744
13.462
5.927
5.911
2.323
3.379
15.856
44.331
0.115
36.727
18.676
2.398
31.369
6.752
13.459
5.939
5.927
2.334
3.407
15.872
44.332
0.117
36.718
18.680
2.415
31.344
6.751
13.463
5.938
5.915
2.313
3.403
15.860
44.326
0.119
36.731
18.677
2.407
31.348
6.746
13.460
5.943
5.924
2.321
3.393
15.877
44.344
0.115
36.736
18.683
2.409
31.365
6.731
13.439
5.937
5.904
2.316
3.403
15.866
44.341
0.116
36.742
18.665
2.394
31.348
6.745
13.462
5.941
5.915
2.331
3.403
